4294967279,123
4294967279,122
4294967279,121
4294967279,120
4294967279,119
4294967279,118
4294967279,117
4294967278,13
4294967278,12
4294967278,11
4294967278,10
4294967278,9
4294967278,8
4294967278,7
4294967278,6
4294967278,5
4294967278,4
4294967279,132
4294967279,131
4294967279,130
4294967279,129
4294967279,128
4294967279,127
4294967279,126
4294967279,125
4294967279,124
4294967294,991
4294967278,194
4294967278,307
4294967279,315
4294967278,306
4294967279,314
4294967278,191
4294967278,305
4294967279,313
4294967278,190
4294967294,437
4294967294,187
4294967294,986
4294967294,392
4294967294,389
4294967294,115
4294967278,189
4294967278,304
4294967279,312
4294967278,188
4294967278,303
4294967278,186
4294967278,183
8,6
4294967278,185
8,5
8,4
4294967278,184
8,3
8,2
8,1
4294967278,302
4294967279,311
4294967278,182
4294967278,301
4294967294,388
4294967294,1020
4294967278,180
4294967278,300
4294967278,299
4294967279,310
4294967279,309
4294967278,25
4294967278,24
4294967278,23
4294967278,22
4294967278,21
4294967278,20
4294967278,19
4294967278,18
4294967278,17
4294967278,16
4294967278,15
4294967278,14
4294967279,308
4294967278,298
4294967279,307
4294967278,297
4294967279,306
4294967278,296
4294967278,173
4294967294,38
4294967294,37
4294967294,36
4294967294,39
4294967279,305
4294967278,172
4294967278,295
4294967278,171
4294967279,304
4294967278,167
4294967278,169
7,5
7,4
4294967278,168
7,2
7,1
4294967278,294
4294967294,40
4294967279,303
4294967294,46
4294967294,114
4294967278,163
6,4
6,2
6,1
4294967279,302
4294967278,162
4294967294,1423
4294967294,120
4294967294,990
4294967294,2
4294967278,30
4294967278,29
4294967278,28
4294967278,27
4294967278,26
4294967278,293
4294967279,301
4294967278,160
4294967279,300
4294967278,159
4294967278,36
4294967278,35
4294967278,34
4294967278,33
4294967278,32
4294967278,31
4294967279,24
4294967279,23
4294967279,22
4294967279,20
4294967279,18
4294967279,17
4294967279,15
4294967278,292
4294967294,970
4294967294,0
4294967294,390
4294967279,299
4294967294,41
4294967294,42
4294967294,1
4294967294,983
4294967294,91
4294967294,90
4294967294,87
4294967294,85
4294967294,1019
4294967294,29
4294967294,53
4294967294,45
4294967294,44
4294967279,298
4294967278,291
4294967278,290
4294967294,75
4294967294,22
4294967279,14
4294967279,13
4294967279,12
4294967279,11
4294967294,182
4294967294,176
4294967294,173
4294967294,170
4294967294,1031
4294967294,163
4294967294,162
4294967294,1032
4294967294,190
4294967294,422
4294967294,402
4294967294,97
4294967294,104
4294967294,106
4294967294,166
4294967294,24
4294967294,184
4294967294,189
4294967294,384
4294967294,185
4294967294,1021
4294967294,30
4294967294,61
4294967278,289
4294967278,260
4294967278,0
4294967294,82
4294967294,84
4294967294,50
4294967294,83
4294967294,17
4294967294,99
4294967294,76
4294967294,107
4294967294,470
4294967294,7
4294967294,6
4294967294,94
4294967294,96
4294967278,151
5,4
5,3
5,2
5,1
4294967279,297
4294967279,260
4294967279,0
4294967294,9
4294967294,8
0,7
4294967294,429
4294967294,425
4294967294,414
4294967294,28
4294967294,26
4294967294,471
4294967294,86
4294967294,14
4294967294,20
4294967294,13
4294967294,12
4294967294,127
4294967294,18
4294967294,1035
4294967294,1022
4294967278,132
4294967278,131
4294967278,130
4294967278,129
4294967278,128
4294967278,127
4294967278,126
4294967278,125
4294967278,124
4294967278,123
4294967278,122
4294967278,121
4294967278,120
4294967278,119
4294967278,118
4294967278,117
4294967278,116
4294967278,115
4294967278,114
4294967278,113
4294967278,112
4294967278,111
4294967278,110
4294967278,109
4294967278,108
4294967278,107
4294967278,106
4294967278,105
4294967278,104
4294967278,103
4294967278,102
4294967278,101
4294967278,100
4294967278,99
4294967278,98
4294967278,97
4294967278,96
4294967278,95
4294967278,94
4294967278,93
4294967278,92
4294967278,91
